1300,1
1310,2
1320,3
1330,4
1340,5
1350,6
1360,7
1402,8
1308,9
1311,10
1325,11
1330,12
1332,13
1338,14
1342,15
1343,16
1350,17
1353,18
1358,19
1402,20
1410,21
1421,22
1434,23
1435,24
1442,25
1452,26
1459,27
1501,28
1503,29
1504,30
1505,31
1506,32
1507,33
1508,34
1509,35
1511,36
1512,37
1513,38
1515,39
1517,40
1519,41
1521,42
1522,43
1523,44
1525,45
1527,46
1528,47
1529,48
1530,49
1532,50
1533,51
1535,52
1536,53
1537,54
1538,55
1539,56
1540,57
1541,58
1542,59
1543,60
1545,61
1547,62
1548,63
1549,64
1550,65
1551,66
1552,67
1553,68
1554,69
1555,70
1556,71
1557,72
1558,73
1559,74
1560,75
1560,76
1500,77
1560,78
1560,79
1560,80
1560,81
1560,82
1603,83
1604,84
1605,85
1606,86
1607,87
1608,88
1609,89
1611,90
1623,91
1632,92
1634,93
1644,94
1645,95
1646,96
1647,97
1648,98
1650,99
